[views/demo]
version = 6.5.0
modtime = 1477571571.812529000

[views/nap_config]
version = 6.5.0
modtime = 1476952043.806519000
