[html/editable_table_demo_html]
owner = admin
version = 6.2.0
modtime = 1415972692.064592000

[views/demo]
version = 6.2.0
modtime = 1416909911.372633000

[views/demo2]
version = 6.2.0
modtime = 1416574180.157850000
